data =[1 1 0 0 0 1 1 1 1 0 0]; %

0	0	0	0	0	0	0	0	0	0
2.88e-15	2.88e-15	2.88e-15	2.88e-15	2.88e-15	2.88e-15	2.88e-15	2.88e-15 2.88e-15	2.88e-15
2.88e-14	2.88e-14	2.88e-14	2.88e-14	2.88e-14	2.88e-14	2.88e-14	2.88e-14 2.88e-14	2.88e-14  
2.88e-13	2.88e-13	2.88e-13	2.88e-13	2.88e-13	2.88e-13	2.88e-13	2.88e-13 2.88e-13	2.88e-13
2.88e-12	2.88e-12	2.88e-12	2.88e-12	2.88e-12	2.88e-12	2.88e-12	2.88e-12	2.88e-12	2.88e-12
2.88e-11	2.88e-11	2.88e-11	2.88e-11	2.88e-11	2.88e-11	2.88e-11	2.88e-11	2.88e-11	2.88e-11
2.88e-10	2.88e-10	2.88e-10	2.88e-10	2.88e-10	2.88e-10	2.88e-10	2.88e-10	2.88e-10	2.88e-10
2.88e-09	2.88e-09	2.88e-09	2.88e-09	2.88e-09	2.88e-09	2.88e-09	2.88e-09	2.88e-09	2.88e-09
2.88e-08	2.88e-08	2.88e-08	2.88e-08	2.88e-08	2.88e-08	2.88e-08	2.88e-08	2.88e-08	2.88e-08
2.88e-07	2.88e-07	2.88e-07	2.88e-07	2.88e-07	2.88e-07	2.88e-07	2.88e-07	2.88e-07	2.88e-07
2.88e-06	2.88e-06	2.88e-06	2.88e-06	2.88e-06	2.88e-06	2.88e-06	2.88e-06	2.88e-06	2.88e-06
2.88e-05	2.88e-05	2.88e-05	2.88e-05	2.88e-05	2.88e-05	2.88e-05	2.88e-05	2.88e-05	2.88e-05
0.000288	0.000288	0.000288	0.000288	0.000288	0.000288	0.000288	0.000288	0.000288	0.000288
0.00288	0.00288	0.00288	0.00288	0.00288	0.00288	0.00288	0.00288	0.00288	0.00288630
0.0288640	0.0288640	0.0288640	0.0288640	0.0288640	0.0288640	0.0288640	0.0288640	0.0288642	0.0288




data =[0 0 0 0 0 0 0 1 1 1 0]; %least recent to most recent

0	0	0	0	0	0	0	0	0	0
0	0	0	0	0	0	0	0	0.000320451685075662	0.000320451685076106
0.000640	0.000640	0.000640	0.000640	0.000640	0.000640	0.000640	0.000640	0.000640	0.000640903370151880
0.006409	0.006409	0.006409	0.006409	0.006409	0.006409	0.006409	0.006409	0.006409	0.0159447670898596
0.0736260704035198	0.0736260704035198	0.0736260704035198	0.0736260704035198	0.0736260704035198	0.0736260704035198	0.0736260704035198	0.0736260704035198	0.0736260704035198	0.0736260704035198



data =[0 0 0 1 1 1 1 1 1 0 0]; %least recent to most recent


0	0	0	0	0	0	0	0	0	0
0	0	0	2.22044604925031e-15	2.22044604925031e-15	2.22044604925031e-15	3.55271367880050e-15	3.55271367880050e-15	4.44089209850063e-15	6.21724893790088e-15
2.442e-14	2.442e-14	2.442e-14	2.442e-14	2.442e-14	2.442e-14	2.442e-14	2.442e-14	2.442e-14	2.442e-14
2.442e-13	2.442e-13	2.442e-13	2.442e-13	2.442e-13	2.442e-13	2.442e-13	2.442e-13	2.442e-13	2.442e-13
2.442e-12	2.442e-12	2.442e-12	2.442e-12	2.442e-12	2.442e-12	2.442e-12	2.442e-12	2.442e-12	2.442e-12
2.442e-11	2.442e-11	2.442e-11	2.442e-11	2.442e-11	2.442e-11	2.442e-11	2.442e-11	2.442e-11	2.442e-11
2.442e-10	2.442e-10	2.442e-10	2.442e-10	2.442e-10	2.442e-10	2.442e-10	2.442e-10	2.442e-10	2.442e-10
2.442e-09	2.442e-09	2.442e-09	2.442e-09	2.442e-09	2.442e-09	2.442e-09	2.442e-09	2.442e-09	2.442e-09
2.442e-08	2.442e-08	2.442e-08	2.442e-08	2.442e-08	2.442e-08	2.442e-08	2.442e-08	2.442e-08	2.442e-08
2.442e-07	2.442e-07	2.442e-07	2.442e-07	2.442e-07	2.442e-07	2.442e-07	2.442e-07	2.442e-07	2.442e-07
2.442e-06	2.442e-06	2.442e-06	2.442e-06	2.442e-06	2.442e-06	2.442e-06	2.442e-06	2.442e-06	2.442e-06
2.442e-05	2.442e-05	2.442e-05	2.442e-05	2.442e-05	2.442e-05	2.442e-05	2.442e-05	2.442e-05	2.442e-05
0.0002442	0.0002442	0.0002442	0.0002442	0.0002442	0.0002442	0.0002442	0.0002442	0.0002442	0.0002442
0.002442	0.002442	0.002442	0.002442	0.002442	0.002442	0.002442	0.002442	0.002442	0.002442
0.02442	0.02442	0.02442	0.02442	0.02442	0.02442	0.02442	0.02442	0.02442	0.02442




[1 1 1 1 1 1 1 1 1 0 0]




0	0	0	0	0	0	0	0	0	0
1.11022302462516e-15	6.43929354282591e-15	6.43929354282591e-15	6.43929354282591e-15	6.43929354282591e-15	6.43929354282591e-15	6.43929354282591e-15	6.43929354282591e-15	6.43929354282591e-15	6.43929354282591e-15
5.90638649100583e-14	5.90638649100583e-14	5.90638649100583e-14	5.90638649100583e-14	5.90638649100583e-14	5.90638649100583e-14	5.90638649100583e-14	5.90638649100583e-14	5.90638649100583e-14	5.90638649100583e-14
5.90638649100583e-13	5.90638649100583e-13	5.90638649100583e-13	5.90638649100583e-13	5.90638649100583e-13	5.90638649100583e-13	5.90638649100583e-13	5.90638649100583e-13	5.90638649100583e-13	5.90638649100583e-13
5.90638649100583e-12	5.90638649100583e-12	5.90638649100583e-12	5.90638649100583e-12	5.90638649100583e-12	5.90638649100583e-12	5.90638649100583e-12	5.90638649100583e-12	5.90638649100583e-12	5.90638649100583e-12
5.90638649100583e-11	5.90638649100583e-11	5.90638649100583e-11	5.90638649100583e-11	5.90638649100583e-11	5.90638649100583e-11	5.90638649100583e-11	5.90638649100583e-11	5.90638649100583e-11	5.90638649100583e-11
5.90638649100583e-10	5.90638649100583e-10	5.90638649100583e-10	5.90638649100583e-10	5.90638649100583e-10	5.90638649100583e-10	5.90638649100583e-10	5.90638649100583e-10	5.90638649100583e-10	5.90638649100583e-10
5.90638649100583e-09	5.90638649100583e-09	5.90638649100583e-09	5.90638649100583e-09	5.90638649100583e-09	5.90638649100583e-09	5.90638649100583e-09	5.90638649100583e-09	5.90638649100583e-09	5.90638649100583e-09
5.90638649100583e-08	5.90638649100583e-08	5.90638649100583e-08	5.90638649100583e-08	5.90638649100583e-08	5.90638649100583e-08	5.90638649100583e-08	5.90638649100583e-08	5.90638649100583e-08	5.90638649100583e-08
5.90638649100583e-07	5.90638649100583e-07	5.90638649100583e-07	5.90638649100583e-07	5.90638649100583e-07	5.90638649100583e-07	5.90638649100583e-07	5.90638649100583e-07	5.90638649100583e-07	5.90638649100583e-07
5.90638649100583e-06	5.90638649100583e-06	5.90638649100583e-06	5.90638649100583e-06	5.90638649100583e-06	5.90638649100583e-06	5.90638649100583e-06	5.90638649100583e-06	5.90638649100583e-06	5.90638649100583e-06
5.90638649100583e-05	5.90638649100583e-05	5.90638649100583e-05	5.90638649100583e-05	5.90638649100583e-05	5.90638649100583e-05	5.90638649100583e-05	5.90638649100583e-05	5.90638649100583e-05	5.90638649100583e-05
0.000590638649100583	0.000590638649100583	0.000590638649100583	0.000590638649100583	0.000590638649100583	0.000590638649100583	0.000590638649100583	0.000590638649100583	0.000590638649100583	0.000590638649100583
0.00590638649100583	0.00590638649100583	0.00590638649100583	0.00590638649100572	0.00590638649100561	0.00590638649100561	0.00590638649100550	0.00590638649100550	0.00590638649100550	0.00590638649100550
0.0590638649100564	0.0590638649100564	0.0590638649100564	0.0590638649100563	0.0590638649100562	0.0590638649100562	0.0590638649100561	0.0590638649100561	0.0590638649100561	0.0590638649100560



[0 0 1 1 1 1 0 0 1 1 0]


0	0	0	0	0	0	0	0	0	0
0	0	0.00207972582700933	0.00207972582700933	0.00207972582704952	0.00655789172461718	0.00655789172461718	0.00655789172461718	0.00655789172461718	0.0143703917245392
0.0468411361040761	0.0468411361040761	0.0468411361040761	0.0468411361040761	0.0468411361040763	0.0468411361040763	0.0468411361040763	0.0468411361040763	0.0468411361040763	0.0468411361040763


[1 1 1 1 1 0 1 1 1 1 0]

0	0	0	0	0	0	0	0	0	0
-1.11022302462516e-16	-1.11022302462516e-16	-1.11022302462516e-16	-1.11022302462516e-16	-1.11022302462516e-16	-1.11022302462516e-16	0.000756108275515088	0.000756108275515088	0.000756108275515088	0.000756108275514977
0.00302443310205947	0.00302443310205947	0.00302443310205935	0.00302443310205958	0.00302443310205958	0.00302443310205958	0.00302443310205958	0.00302443310205958	0.00302443310205958	0.00302443310205935
0.0302443310205950	0.0302443310205950	0.0302443310205948	0.0302443310205948	0.0302443310205948	0.0302443310205948	0.0302443310205948	0.0302443310205948	0.0302443310205948	0.0302443310205945








